NUM_OF_TRIANGLES 12

// Geometry format = position (x y z), texture (u v)
-1.0,  -1.0,   -1.0,   1,  1
+1.0,  -1.0,   -1.0,   0,  1
-1.0,  +1.0,   -1.0,   1,  0
+1.0,  +1.0,   -1.0,   0,  0

-1.0,  -1.0,   +1.0,   1,  1
+1.0,  -1.0,   +1.0,   0,  1
-1.0,  +1.0,   +1.0,   1,  0
+1.0,  +1.0,   +1.0,   0,  0

+1.0,  -1.0,   -1.0,   1,  1
+1.0,  -1.0,   +1.0,   0,  1
+1.0,  +1.0,   -1.0,   1,  0
+1.0,  +1.0,   +1.0,   0,  0

-1.0,  -1.0,   -1.0,   1,  1
-1.0,  -1.0,   +1.0,   0,  1
-1.0,  +1.0,   -1.0,   1,  0
-1.0,  +1.0,   +1.0,   0,  0

-1.0,  -1.0,   -1.0,   1,  1
-1.0,  -1.0,   +1.0,   0,  1
+1.0,  -1.0,   -1.0,   1,  0
+1.0,  -1.0,   +1.0,   0,  0

-1.0,  +1.0,   -1.0,   1,  1
-1.0,  +1.0,   +1.0,   0,  1
+1.0,  +1.0,   -1.0,   1,  0
+1.0,  +1.0,   +1.0,   0,  0

NUM_OF_INDICES 12

// Indices format = position1, position2, position3
1, 0, 2
1, 2, 3
4, 5, 6
6, 5, 7
9, 8, 10
9, 10, 11
12, 13, 14
14, 13, 15
17, 16, 18
17,18,19
20,21,22
22,21,23